1000 12811
141 41
139 39
129 29
120 20
112 12
111 11
106 6
107 7
118 18
106 6
125 25
130 30
141 41
146 46
130 30
142 42
115 15
122 22
145 45
130 30
142 42
133 33
108 8
119 19
102 2
145 45
124 24
144 44
135 35
143 43
106 6
125 25
133 33
136 36
144 44
145 45
146 46
102 2
103 3
113 13
107 7
130 30
144 44
149 49
125 25
123 23
142 42
141 41
144 44
139 39
120 20
138 38
121 21
130 30
106 6
124 24
126 26
131 31
119 19
110 10
125 25
124 24
136 36
107 7
109 9
131 31
101 1
106 6
132 32
106 6
118 18
141 41
135 35
114 14
139 39
111 11
136 36
133 33
103 3
132 32
121 21
123 23
121 21
141 41
104 4
126 26
116 16
129 29
106 6
135 35
140 40
130 30
110 10
125 25
138 38
119 19
107 7
141 41
126 26
139 39
146 46
144 44
129 29
130 30
109 9
119 19
142 42
146 46
103 3
144 44
127 27
123 23
118 18
149 49
115 15
121 21
124 24
131 31
101 1
131 31
117 17
142 42
112 12
126 26
118 18
102 2
146 46
125 25
142 42
122 22
115 15
139 39
117 17
145 45
118 18
125 25
115 15
111 11
120 20
118 18
104 4
149 49
142 42
122 22
147 47
107 7
144 44
123 23
139 39
147 47
105 5
107 7
138 38
119 19
132 32
108 8
120 20
128 28
132 32
113 13
101 1
146 46
101 1
117 17
140 40
120 20
143 43
104 4
130 30
114 14
123 23
133 33
112 12
115 15
106 6
111 11
123 23
102 2
135 35
113 13
148 48
139 39
119 19
137 37
109 9
102 2
144 44
128 28
131 31
127 27
142 42
131 31
124 24
142 42
149 49
115 15
111 11
141 41
119 19
140 40
107 7
143 43
125 25
118 18
107 7
132 32
130 30
131 31
133 33
114 14
143 43
132 32
103 3
113 13
121 21
111 11
115 15
116 16
141 41
147 47
145 45
132 32
128 28
118 18
126 26
128 28
133 33
136 36
121 21
103 3
128 28
127 27
145 45
104 4
144 44
104 4
135 35
126 26
134 34
120 20
139 39
129 29
103 3
141 41
141 41
125 25
104 4
107 7
141 41
146 46
104 4
135 35
129 29
131 31
104 4
104 4
110 10
136 36
140 40
130 30
138 38
119 19
106 6
135 35
122 22
102 2
138 38
108 8
127 27
121 21
129 29
115 15
149 49
132 32
108 8
140 40
106 6
113 13
148 48
148 48
108 8
101 1
134 34
136 36
133 33
138 38
140 40
143 43
123 23
131 31
122 22
113 13
149 49
128 28
147 47
122 22
131 31
134 34
129 29
107 7
106 6
110 10
123 23
105 5
141 41
130 30
146 46
148 48
142 42
143 43
148 48
101 1
144 44
131 31
137 37
128 28
118 18
128 28
120 20
143 43
108 8
142 42
107 7
108 8
121 21
103 3
129 29
103 3
138 38
109 9
109 9
143 43
118 18
133 33
149 49
110 10
113 13
144 44
108 8
106 6
139 39
105 5
109 9
134 34
137 37
145 45
111 11
107 7
124 24
131 31
101 1
131 31
124 24
107 7
138 38
146 46
109 9
118 18
148 48
148 48
128 28
108 8
140 40
146 46
140 40
141 41
107 7
104 4
134 34
114 14
112 12
124 24
120 20
120 20
107 7
109 9
116 16
120 20
115 15
139 39
102 2
115 15
121 21
127 27
121 21
110 10
122 22
131 31
127 27
121 21
130 30
104 4
130 30
121 21
101 1
119 19
111 11
108 8
125 25
145 45
123 23
138 38
120 20
145 45
107 7
129 29
103 3
122 22
148 48
119 19
112 12
101 1
133 33
132 32
127 27
105 5
141 41
150 50
137 37
119 19
122 22
116 16
124 24
101 1
136 36
125 25
121 21
147 47
134 34
145 45
143 43
106 6
132 32
114 14
102 2
140 40
142 42
104 4
113 13
141 41
122 22
124 24
141 41
106 6
107 7
119 19
112 12
147 47
118 18
148 48
117 17
139 39
115 15
141 41
139 39
103 3
117 17
112 12
149 49
150 50
106 6
143 43
107 7
140 40
106 6
109 9
129 29
150 50
114 14
144 44
140 40
138 38
117 17
131 31
145 45
124 24
149 49
107 7
122 22
119 19
106 6
141 41
109 9
121 21
133 33
150 50
123 23
149 49
111 11
123 23
150 50
118 18
117 17
108 8
107 7
122 22
116 16
138 38
123 23
132 32
131 31
113 13
119 19
149 49
145 45
113 13
124 24
145 45
121 21
148 48
113 13
127 27
138 38
122 22
147 47
122 22
123 23
119 19
120 20
133 33
143 43
121 21
150 50
109 9
128 28
109 9
132 32
146 46
146 46
105 5
127 27
128 28
117 17
147 47
128 28
111 11
111 11
104 4
107 7
132 32
101 1
120 20
108 8
140 40
143 43
104 4
111 11
115 15
124 24
132 32
149 49
116 16
102 2
148 48
126 26
131 31
106 6
107 7
126 26
103 3
111 11
102 2
132 32
129 29
150 50
112 12
141 41
111 11
115 15
148 48
142 42
117 17
119 19
149 49
106 6
113 13
104 4
118 18
127 27
127 27
101 1
127 27
144 44
102 2
124 24
121 21
132 32
132 32
127 27
110 10
136 36
140 40
113 13
120 20
118 18
113 13
131 31
111 11
123 23
145 45
108 8
116 16
113 13
128 28
114 14
120 20
140 40
117 17
137 37
116 16
145 45
139 39
144 44
140 40
142 42
117 17
110 10
125 25
150 50
136 36
134 34
136 36
127 27
147 47
107 7
147 47
111 11
137 37
107 7
133 33
133 33
116 16
148 48
145 45
143 43
113 13
114 14
132 32
129 29
102 2
149 49
125 25
140 40
142 42
114 14
131 31
110 10
123 23
105 5
110 10
110 10
141 41
147 47
137 37
137 37
103 3
133 33
147 47
141 41
141 41
131 31
125 25
106 6
130 30
119 19
148 48
142 42
134 34
131 31
122 22
135 35
129 29
146 46
126 26
122 22
111 11
108 8
131 31
133 33
114 14
142 42
142 42
104 4
140 40
130 30
142 42
144 44
112 12
140 40
134 34
104 4
120 20
108 8
109 9
101 1
128 28
108 8
142 42
111 11
140 40
115 15
147 47
120 20
112 12
124 24
141 41
122 22
131 31
124 24
106 6
145 45
115 15
150 50
150 50
105 5
129 29
142 42
150 50
143 43
131 31
136 36
146 46
103 3
145 45
107 7
103 3
123 23
116 16
147 47
135 35
106 6
111 11
132 32
125 25
125 25
105 5
118 18
146 46
138 38
141 41
104 4
134 34
105 5
103 3
133 33
111 11
133 33
124 24
113 13
127 27
107 7
148 48
125 25
109 9
142 42
133 33
111 11
114 14
148 48
107 7
101 1
105 5
120 20
132 32
130 30
144 44
138 38
147 47
141 41
127 27
139 39
144 44
110 10
145 45
148 48
145 45
106 6
133 33
120 20
120 20
109 9
126 26
117 17
133 33
136 36
108 8
115 15
149 49
124 24
115 15
105 5
124 24
119 19
126 26
107 7
150 50
119 19
146 46
148 48
110 10
123 23
136 36
105 5
134 34
131 31
103 3
130 30
138 38
135 35
150 50
107 7
145 45
127 27
125 25
130 30
113 13
134 34
144 44
111 11
107 7
110 10
117 17
132 32
129 29
143 43
140 40
130 30
111 11
138 38
128 28
122 22
112 12
113 13
127 27
145 45
145 45
131 31
125 25
132 32
117 17
126 26
140 40
111 11
102 2
114 14
140 40
114 14
148 48
136 36
126 26
106 6
145 45
143 43
140 40
125 25
135 35
131 31
105 5
147 47
118 18
134 34
121 21
129 29
148 48
149 49
126 26
143 43
129 29
102 2
126 26
147 47
127 27
116 16
107 7
128 28
129 29
149 49
144 44
128 28
136 36
119 19
136 36
132 32
113 13
125 25
107 7
147 47
105 5
113 13
146 46
123 23
148 48
116 16
101 1
145 45
114 14
128 28
137 37
144 44
129 29
113 13
140 40
105 5
128 28
148 48
135 35
108 8
148 48
128 28
138 38
133 33
148 48
123 23
115 15
111 11
147 47
123 23
109 9
103 3
137 37
104 4
127 27
134 34
121 21
130 30
128 28
136 36
107 7
117 17
129 29
136 36
129 29
120 20
140 40
108 8
120 20
124 24
117 17
117 17
103 3
104 4
102 2
101 1
128 28
116 16
111 11
124 24
140 40
121 21
129 29
128 28
125 25
105 5
111 11
147 47
134 34
140 40
133 33
141 41
108 8
111 11
126 26
136 36
131 31
117 17
145 45
150 50
143 43
114 14
118 18
145 45
117 17
119 19
147 47
145 45
136 36
109 9
120 20
127 27
130 30
148 48
104 4
106 6
105 5
116 16
102 2
138 38
108 8
134 34
128 28
115 15
145 45
105 5
103 3
127 27
122 22
147 47
128 28
116 16
112 12