2500 31896  
11 22
96 14
7 32
82 40
51 30
40 2
22 14
67 49
69 24
4 30
86 9
67 7
71 35
71 32
63 47
57 23
21 4
36 27
85 20
68 35
49 9
38 23
23 5
71 43
30 26
24 17
35 40
24 7
77 46
38 39
93 46
11 15
49 48
43 36
67 11
72 18
69 10
90 43
66 12
37 47
38 11
65 24
2 38
80 28
86 20
16 30
15 28
94 14
76 36
1 44
98 22
61 19
81 2
61 48
14 48
96 3
10 11
26 11
100 5
89 35
74 6
14 41
34 9
56 11
95 6
54 44
27 15
62 10
16 23
57 31
72 3
83 33
13 8
43 12
65 33
49 40
39 12
30 24
21 35
84 17
40 37
10 19
3 22
78 21
46 36
51 19
38 34
1 2
93 43
66 7
78 14
99 18
27 30
91 49
65 26
17 6
14 27
74 17
50 3
39 47
89 39
15 28
74 15
80 17
9 47
75 38
62 23
5 40
53 45
39 19
72 7
76 36
85 2
54 34
4 42
80 42
32 46
22 6
60 3
24 21
49 48
58 12
23 13
1 27
9 41
47 33
98 22
18 32
23 23
68 29
66 49
22 47
45 43
54 4
95 27
76 45
27 36
56 49
100 9
27 10
99 23
92 48
46 11
82 21
83 49
99 48
47 20
97 41
15 50
47 9
79 24
56 5
59 11
5 10
19 31
70 20
55 11
69 2
22 50
72 6
50 22
4 47
94 2
39 8
1 37
68 29
11 23
35 21
86 39
31 6
21 50
25 27
12 46
79 35
95 50
41 45
24 46
93 17
47 33
24 49
20 43
78 32
66 14
2 3
3 34
58 25
35 35
2 47
80 30
31 24
81 21
70 4
18 14
20 14
97 45
63 18
90 42
49 5
55 2
9 9
38 16
84 22
100 35
18 29
16 1
5 46
71 24
52 41
40 23
4 36
70 18
55 9
9 5
65 16
56 23
76 45
38 9
17 38
95 34
68 10
34 22
58 7
98 11
49 37
83 2
24 2
22 28
10 32
32 26
97 39
98 23
84 38
83 50
25 28
85 44
39 21
16 48
79 13
8 27
49 41
30 22
94 1
1 6
33 34
81 31
74 31
5 7
18 38
8 44
17 45
37 7
67 2
55 47
16 14
23 14
4 4
87 50
55 39
5 39
22 37
19 46
67 26
4 34
63 14
29 31
8 16
37 26
69 43
22 35
57 46
48 12
99 37
61 5
25 17
95 49
54 14
94 20
89 47
56 3
12 34
85 19
49 23
44 20
16 17
54 24
12 3
35 11
39 48
67 16
64 12
14 17
27 9
89 17
7 44
69 19
79 5
89 30
77 33
49 42
49 2
67 11
54 4
23 45
1 39
12 16
50 25
85 28
35 23
94 41
68 12
59 48
18 48
77 45
32 27
38 32
78 5
44 34
58 16
80 10
7 41
25 8
67 9
36 1
81 29
41 50
43 2
98 10
99 26
54 32
3 44
13 30
48 7
15 7
74 46
66 32
36 40
40 4
99 27
54 31
7 47
83 1
98 30
61 48
5 16
29 7
9 43
39 8
1 5
64 25
51 31
58 38
71 49
92 21
75 47
3 34
43 35
34 42
64 44
91 21
12 19
79 22
64 19
80 14
74 45
90 26
76 48
13 46
96 6
66 23
53 20
56 47
5 39
39 20
35 29
40 46
100 21
17 15
39 48
78 12
43 18
87 18
67 2
63 12
7 30
84 9
51 39
58 5
80 48
75 14
28 16
11 27
36 27
41 25
27 21
38 19
90 27
86 6
28 50
17 34
31 3
45 31
91 4
36 22
1 12
35 28
27 47
7 13
24 49
89 2
69 26
70 10
2 5
65 31
6 34
67 38
86 11
68 28
16 5
50 16
16 36
43 43
33 49
57 8
100 45
9 18
70 28
78 24
84 44
4 41
27 20
28 12
32 45
40 47
2 39
14 19
76 7
63 8
57 19
15 6
63 23
76 35
52 5
60 37
98 13
27 25
85 4
36 18
1 27
15 2
15 28
22 41
36 35
50 45
3 17
100 18
39 27
2 43
31 13
29 29
75 6
53 11
9 40
79 11
67 45
14 33
72 36
75 10
20 25
4 22
41 5
91 31
82 44
25 14
56 4
92 33
61 46
93 21
88 21
82 4
67 45
86 41
30 13
50 1
37 5
75 29
11 15
11 44
9 36
8 14
41 1
46 1
47 41
21 36
13 4
39 30
1 26
70 32
88 21
83 26
75 7
4 35
21 17
29 31
2 36
45 42
38 42
94 36
32 16
21 47
20 11
76 20
87 45
53 26
67 35
2 41
43 7
77 14
23 5
44 26
92 40
69 32
34 12
17 15
28 38
13 49
48 38
70 36
84 22
12 50
9 15
42 1
73 19
14 48
75 10
23 19
1 44
100 34
5 16
51 34
5 13
34 5
3 3
90 36
77 3
88 35
69 29
35 42
99 1
89 24
62 13
44 12
6 43
96 13
10 48
98 15
60 32
71 12
86 12
100 12
65 37
46 35
67 33
26 16
85 16
91 46
81 34
59 38
28 4
100 37
3 48
3 13
81 23
76 16
37 25
28 3
13 25
37 32
9 15
49 43
80 41
38 10
24 47
50 3
2 49
39 5
98 44
19 28
18 44
96 4
21 23
6 35
99 43
68 8
57 16
100 38
58 40
100 33
38 49
35 39
49 26
95 47
19 13
76 36
59 23
42 31
97 47
15 46
41 35
3 49
2 4
89 10
95 38
92 32
88 27
71 36
4 17
34 22
30 10
9 40
84 50
70 31
49 36
76 41
22 30
42 24
35 30
83 30
69 26
61 6
4 33
91 7
100 27
28 31
86 39
72 21
38 41
1 38
28 26
79 50
57 22
73 42
1 7
21 19
84 31
76 38
16 18
94 17
94 24
47 31
62 18
52 1
10 2
41 39
28 21
38 34
42 12
75 44
20 47
62 4
80 39
43 45
6 38
61 50
61 9
30 24
28 31
77 39
33 19
77 12
39 17
95 30
28 22
73 50
68 36
3 49
74 45
93 29
32 5
30 45
63 10
70 42
40 46
30 22
14 9
83 4
25 30
35 4
3 7
3 22
44 7
21 19
1 13
100 35
70 29
81 34
88 50
26 30
48 7
51 13
65 36
17 41
67 3
45 19
62 47
90 5
4 10
26 6
75 25
92 46
53 22
79 43
74 6
72 23
63 24
85 29
11 3
20 27
56 14
97 17
62 37
73 17
48 48
73 24
74 16
69 27
40 50
71 13
55 42
85 17
67 21
48 28
26 17
54 33
82 1
49 43
89 23
60 38
71 34
14 44
51 34
22 40
33 44
54 38
37 40
56 4
63 3
81 38
21 36
20 2
88 20
97 28
92 8
68 14
91 31
58 43
14 31
83 47
75 38
86 13
78 41
66 40
96 48
79 16
84 48
70 23
17 16
51 10
73 18
74 15
98 33
7 13
13 41
61 39
29 46
2 8
87 19
49 34
17 27
49 50
76 18
22 44
35 24
3 7
41 26
21 40
10 30
5 25
20 15
13 50
11 16
57 49
85 7
82 3
83 32
4 8
100 27
53 34
1 6
93 43
83 13
35 43
44 39
67 14
3 31
63 13
49 22
61 35
28 44
37 13
76 40
72 27
16 25
12 16
80 4
61 14
69 45
6 12
33 24
27 35
7 40
100 5
13 12
39 42
6 25
54 33
66 26
59 31
50 20
49 31
26 9
94 44
55 2
57 37
75 34
73 31
25 22
35 37
36 25
80 41
51 34
73 16
11 33
49 10
4 49
92 29
57 35
74 11
36 33
49 13
66 21
43 40
45 30
78 30
6 9
72 7
42 46
24 4
78 22
15 31
20 6
62 28
91 37
90 28
69 38
40 34
11 33
75 7
64 4
86 19
13 9
25 6
4 49
10 31
72 24
13 42
82 26
71 22
65 11
49 33
50 41
19 10
23 45
66 38
49 3
58 11
11 33
18 14
83 27
46 6
3 11
49 34
88 20
7 2
80 7
85 29
47 3
41 21
47 8
58 47
13 16
59 23
50 27
89 34
55 36
89 7
96 38
92 34
9 48
35 38
5 21
68 1
25 10
72 24
70 29
70 32
96 31
56 47
57 44
80 11
82 21
20 27
10 11
12 18
9 49
57 13
21 26
15 46
88 36
21 7
67 40
38 14
70 45
11 28
89 40
89 20
10 10
98 21
70 12
88 28
12 46
42 32
72 7
29 9
94 49
15 10
39 4
74 10
48 34
90 38
25 28
9 37
89 9
57 8
20 47
88 33
92 31
14 13
37 43
73 33
91 37
42 31
42 17
93 42
2 32
81 27
11 40
13 49
100 21
8 21
17 45
53 9
76 16
23 14
60 46
46 3
34 40
35 26
6 27
69 10
60 49
86 20
38 50
20 39
22 28
59 39
74 11
99 49
29 21
65 38
16 12
42 50
1 27
77 9
55 45
18 17
93 3
88 33
4 8
71 25
87 30
15 10
40 13
61 20
34 25
60 1
86 1
50 39
29 26
97 34
70 14
2 13
68 39
45 23
48 17
99 34
96 14
94 38
26 6
7 11
82 16
12 19
67 11
57 47
39 5
82 8
70 33
22 37
72 18
11 19
85 10
5 32
23 48
19 50
55 26
11 36
91 22
54 9
34 13
56 22
67 39
32 37
72 3
25 43
71 36
13 7
97 17
38 19
66 7
70 20
34 30
7 26
53 11
37 37
23 44
10 41
32 41
77 3
94 2
97 16
89 10
74 35
78 13
55 46
19 24
15 4
4 24
80 8
86 16
94 10
59 6
100 40
96 27
45 41
78 41
8 18
2 31
2 30
44 6
75 14
31 41
18 36
14 49
94 49
16 39
58 26
94 8
15 40
86 11
82 15
52 40
32 3
22 35
84 17
40 10
31 20
51 50
8 16
100 1
67 15
39 26
40 33
33 6
74 20
69 5
84 20
96 15
24 20
99 8
86 40
17 18
12 19
19 19
35 18
19 1
84 9
76 25
93 11
33 18
30 1
25 16
20 20
32 43
89 33
2 27
72 21
94 35
89 13
5 25
30 25
75 16
84 3
40 26
15 22
46 44
72 20
61 41
89 43
86 30
75 39
56 46
9 49
33 50
13 37
24 43
12 1
60 47
53 49
74 17
71 19
62 44
88 23
85 29
15 22
58 39
12 15
86 23
13 20
22 28
7 45
20 20
47 31
16 49
29 41
17 1
60 29
45 49
53 31
27 17
2 36
7 15
100 44
37 15
14 8
42 22
55 13
41 1
43 8
52 21
100 18
22 11
98 18
10 50
98 36
68 49
72 26
15 23
70 2
87 35
9 28
58 15
40 50
16 32
9 17
5 8
86 28
19 34
95 28
85 42
15 3
42 38
30 6
61 1
7 47
85 18
75 44
82 16
43 49
100 1
67 4
59 5
81 29
88 27
56 24
18 22
28 11
60 8
66 20
8 25
18 45
92 42
90 25
10 33
26 9
83 42
12 43
48 44
73 35
70 28
11 39
2 38
49 11
47 16
32 7
90 49
51 33
93 42
10 2
24 35
10 9
78 21
3 26
16 26
12 37
55 22
75 6
12 25
68 8
40 49
64 30
48 16
14 40
58 23
41 33
9 2
91 37
74 44
64 39
21 27
25 25
49 1
83 12
25 50
69 14
1 35
45 50
50 9
91 7
33 33
92 42
84 32
80 7
27 45
97 49
21 21
26 21
71 8
32 47
9 1
10 11
85 7
60 36
65 50
45 49
84 36
90 17
69 21
75 46
15 21
94 36
91 19
8 13
78 40
11 39
92 21
99 28
79 9
13 43
60 9
43 44
44 33
62 13
5 37
60 20
7 5
7 50
24 16
14 3
5 25
91 48
97 40
75 25
100 40
69 11
48 11
6 42
95 20
56 50
56 15
71 14
19 29
15 44
94 29
99 1
5 39
98 1
30 25
75 31
64 43
44 11
5 49
54 50
68 9
99 25
75 21
89 46
49 3
39 44
83 37
44 37
78 42
87 9
18 13
40 31
7 35
43 12
83 47
11 3
57 11
77 34
81 17
29 29
72 19
22 4
8 18
93 37
11 29
95 28
92 36
8 48
20 2
61 5
98 21
57 7
31 35
90 11
54 20
91 25
40 15
30 47
82 22
83 44
53 30
71 46
15 30
93 37
31 4
41 31
76 49
39 7
85 28
69 38
49 10
14 38
76 44
87 9
17 21
52 19
50 24
64 17
55 9
3 35
14 45
17 39
43 5
47 27
34 16
17 32
27 30
22 2
25 8
10 42
28 13
62 30
86 26
46 40
34 50
76 49
46 43
87 40
99 36
18 35
1 34
66 29
16 39
80 40
46 41
33 26
53 45
55 38
20 2
29 5
3 4
3 48
48 41
87 49
26 4
83 28
90 50
56 5
39 35
44 36
27 27
13 29
23 17
68 42
70 48
98 22
4 2
19 1
92 7
1 18
13 35
95 2
35 1
6 25
37 1
60 14
77 25
94 1
91 14
92 11
61 41
84 14
92 5
67 34
63 17
53 25
54 49
76 38
1 31
12 40
82 23
5 10
47 50
61 40
63 4
2 24
97 37
39 38
91 7
23 4
24 27
28 27
78 6
16 28
36 29
19 19
53 23
31 2
73 43
41 35
46 44
10 42
30 1
82 23
57 6
26 32
83 5
60 10
60 25
89 48
5 8
68 8
30 48
9 2
40 1
89 38
94 50
31 25
50 12
47 7
68 24
38 2
29 48
61 40
72 49
87 27
56 5
86 38
4 44
39 44
46 29
81 41
29 11
65 28
75 14
84 44
87 22
95 17
19 5
7 42
55 45
70 13
51 5
100 5
100 40
50 45
69 32
35 47
44 2
74 18
15 10
63 3
31 7
20 1
63 28
94 18
74 14
80 27
70 31
31 20
20 32
66 38
13 3
36 6
4 12
26 20
71 38
74 3
97 43
53 9
22 48
28 48
61 9
24 33
89 6
52 9
37 19
96 1
21 32
56 26
93 33
97 15
73 21
67 19
15 21
79 37
68 7
36 31
65 9
63 4
64 16
14 50
86 11
100 7
92 7
34 36
92 31
2 14
53 18
84 17
90 14
55 8
20 40
90 37
100 4
42 13
69 5
14 4
15 15
12 9
72 48
46 15
80 48
30 32
67 13
50 7
78 5
66 48
46 5
86 46
58 27
60 28
33 24
83 49
38 45
57 11
92 5
75 23
54 4
54 20
68 3
28 46
59 43
95 7
99 30
54 8
58 13
37 42
38 20
40 26
66 49
36 9
3 13
31 6
66 34
27 36
38 5
31 49
99 25
5 48
56 10
57 15
22 44
6 10
65 45
87 30
93 22
38 45
36 18
2 4
3 29
39 40
35 21
40 33
45 44
82 2
53 39
16 27
84 21
86 48
65 22
77 10
45 14
56 33
33 10
86 35
38 24
26 22
44 16
4 40
9 38
43 14
76 8
40 9
30 27
6 46
100 34
7 46
47 13
28 29
72 15
65 11
88 40
32 33
55 37
74 14
24 18
29 1
77 20
61 6
48 16
4 49
99 10
94 47
72 24
27 45
38 41
55 28
81 38
60 35
77 36
50 2
53 28
3 30
49 13
87 46
81 40
46 31
52 40
28 25
13 4
70 2
97 24
79 27
14 41
11 40
28 11
41 30
90 45
61 41
10 50
38 42
41 34
72 42
75 1
67 39
57 38
40 3
11 19
29 24
61 41
65 38
3 8
19 45
52 32
35 13
83 24
54 23
7 26
67 31
28 35
19 36
24 11
88 34
81 18
10 41
11 26
80 13
83 48
57 35
81 43
99 13
67 3
38 25
30 6
6 7
40 26
93 13
38 32
48 18
52 9
10 12
35 39
26 19
39 35
55 19
77 4
34 45
6 21
20 37
26 27
95 17
4 37
31 42
71 30
59 22
39 21
35 25
9 10
93 47
94 50
18 23
53 1
69 10
73 38
96 48
16 40
66 20
29 46
13 49
25 23
72 15
43 8
91 4
17 36
2 13
35 19
37 37
21 5
96 43
45 41
90 10
80 5
31 10
2 45
58 27
18 31
93 12
38 34
15 7
19 17
21 3
87 7
91 8
13 38
100 7
80 42
69 11
48 1
71 50
46 30
28 15
61 20
26 50
55 41
8 23
9 28
77 45
36 19
2 49
56 4
57 35
95 27
46 44
28 16
43 25
95 22
39 7
42 14
57 46
56 14
21 14
44 47
11 29
68 14
79 23
17 38
58 13
64 5
9 43
22 1
67 16
25 7
75 16
73 33
13 28
98 33
44 41
82 6
72 49
69 50
23 38
89 32
52 3
86 10
95 7
63 14
75 37
22 49
4 44
83 16
74 30
1 19
21 34
74 44
34 44
45 6
31 34
88 33
86 25
42 32
32 6
97 8
42 19
58 45
12 40
61 35
19 13
5 41
46 28
34 31
72 29
86 4
12 25
36 49
50 30
32 33
85 29
90 27
99 47
23 10
38 33
47 6
47 1
99 44
81 34
74 2
62 12
5 25
36 43
25 37
74 7
21 8
37 12
36 35
60 9
96 47
93 42
5 42
45 3
35 27
86 9
28 50
72 34
76 9
28 1
96 1
57 18
11 43
30 48
79 39
8 24
86 1
68 42
92 14
96 28
40 33
86 19
32 7
54 10
16 32
60 13
34 18
30 44
12 9
94 40
100 1
15 37
53 32
78 44
45 23
74 34
57 9
2 39
68 6
100 35
89 9
97 22
78 28
18 39
89 11
30 38
63 44
76 16
26 3
11 20
77 34
6 33
95 9
73 12
66 22
96 4
82 44
28 9
73 45
47 11
7 26
100 19
20 25
36 47
79 47
18 7
82 23
40 26
34 14
89 49
88 36
53 19
79 30
28 4
76 26
64 34
54 16
54 25
90 40
21 21
88 38
27 19
13 18
97 46
82 35
44 19
21 48
37 1
79 16
6 4
42 20
39 47
37 43
71 28
34 41
98 21
28 25
41 42
42 37
37 25
74 33
43 46
80 32
48 9
47 4
64 40
75 3
86 11
47 8
88 30
98 36
52 28
62 42
69 5
81 8
30 6
90 22
51 19
55 50
79 4
3 43
45 27
97 33
39 43
90 29
22 38
16 23
17 27
16 37
31 48
94 12
53 33
36 5
52 40
5 30
43 7
24 40
36 20
22 26
62 11
4 35
50 19
59 18
47 27
55 30
74 48
41 27
31 26
81 34
18 35
15 12
44 41
51 31
10 22
8 24
35 12
10 36
82 19
54 29
95 8
58 20
7 50
46 39
26 29
22 45
15 39
6 8
79 7
40 40
80 48
15 14
11 25
50 44
45 5
24 41
62 33
10 18
83 6
57 10
34 30
54 48
70 9
58 50
67 49
40 47
48 4
12 10
78 13
54 24
67 27
64 28
10 24
48 42
81 6
3 16
37 6
65 9
66 24
58 33
23 47
31 22
3 42
32 30
55 35
6 21
61 19
1 22
94 50
65 26
7 17
91 45
22 8
53 40
81 11
72 5
59 2
77 11
95 8
93 49
44 48
22 6
18 22
78 12
73 42
37 29
9 30
73 32
87 28
21 19
88 44
26 48
97 4
59 44
61 3
92 6
100 13
11 17
86 38
80 10
30 19
40 40
48 13
23 36
42 46
56 31
39 31
78 38
34 38
31 46
90 24
1 39
39 14
58 26
51 39
86 32
57 25
73 6
89 46
93 30
91 49
62 31
81 40
68 17
27 50
64 17
24 15
57 14
80 16
89 30
55 26
14 11
51 36
67 41
81 9
21 21
59 32
4 40
73 21
58 2
73 21
20 48
37 26
61 16
94 1
46 48
27 11
10 29
96 26
19 27
87 41
99 47
25 2
88 47
25 45
48 47
66 17
96 2
95 6
70 38
8 17
87 34
77 46
62 22
72 33
100 10
23 49
6 47
52 44
44 26
38 43
24 5
62 21
9 6
26 28
95 36
44 31
71 20
76 33
43 49
17 43
8 39
93 16
86 44
11 31
72 48
23 47
55 34
18 13
91 45
92 35
80 35
65 1
6 41
35 48
91 1
90 49
41 34
16 26
78 26
6 1
25 31
47 29
64 16
93 5
11 34
91 42
70 6
44 25
48 30
75 38
32 14
88 23
98 3
98 27
80 6
79 5
36 27
83 1
93 28
57 5
63 48
48 33
55 42
7 2
73 33
91 5
97 31
77 46
85 26
24 15
81 2
21 18
78 5
19 20
82 25
76 45
74 24
77 28
67 35
81 39
68 22
43 16
54 21
13 40
97 36
54 29
89 26
49 16
81 19
88 12
93 15
58 17
38 36
46 6
21 27
95 40
50 39
7 3
60 21
92 8
58 48
36 46
75 34
63 5
2 2
17 47
17 24
65 6
60 10
62 32
88 6
23 37
96 31
39 5
51 33
62 8
32 50
5 6
33 17
13 37
21 29
85 37
54 1
94 15
10 5
48 48
62 22
86 8
2 27
64 4
59 26
63 42
75 17
99 9
86 11
97 6
91 31
94 47
81 39
13 43
94 11
92 7
82 27
64 36
53 28
91 13
5 4
56 29
72 5
89 7
17 36
14 10
66 9
56 49
98 18
41 43
80 32
49 14
8 15
49 13
44 39
75 50
44 31
30 16
37 18
24 5
3 40
16 21
48 23
19 47
91 11
91 22
42 42
35 1
56 35
65 1
26 40
2 19
22 31
84 10
48 8
14 3
97 32
75 46
4 43
45 46
55 35
68 48
26 2
100 33
89 15
35 14
56 36
82 27
66 18
86 14
25 1
68 23
84 42
68 38
86 14
33 40
99 50
87 24
54 36
57 42
2 41
7 7
27 38
33 44
5 20
9 31
73 26
53 6
69 23
95 4
36 28
45 34
79 33
10 32
21 18
25 22
60 31
79 38
19 13
82 25
85 40
56 9
66 10
16 34
84 11
40 20
38 34
5 16
19 16
100 39
83 24
12 43
55 42
80 25
5 11
51 41
3 6
49 18
18 14
53 1
26 42
20 13
28 27
31 46
42 30
36 27
5 47
71 11
89 50
87 45
63 38
37 15
95 35
84 12
100 36
13 26
80 34
40 9
12 22
56 4
3 41
82 8
89 2
18 29
1 7
25 15
94 11
31 38
97 14
52 47
2 14
74 33
99 15
91 11
87 46
16 39
88 47
48 26
48 18
57 50
74 31
15 17
42 47
6 38
63 7
86 14
20 11