5000 62862
55 47
19 29
39 24
92 10
63 26
68 11
78 40
78 40
81 40
3 40
62 43
76 9
80 32
10 17
17 24
37 21
20 7
51 9
31 42
70 45
68 37
57 47
28 34
86 9
73 41
100 36
83 25
96 12
59 7
81 25
30 17
97 1
76 48
11 8
89 31
2 8
69 8
5 47
43 42
5 17
82 6
52 16
30 49
78 38
55 8
14 34
26 11
84 1
10 45
58 50
27 11
58 45
68 14
91 12
55 47
28 39
2 29
4 34
29 33
23 33
42 37
18 20
99 4
20 8
48 30
57 26
40 14
20 10
79 13
21 36
61 49
74 13
79 29
98 10
14 20
42 5
56 10
74 4
65 46
13 12
75 20
89 16
35 8
77 14
70 50
99 31
50 24
45 30
4 42
39 17
13 31
24 21
92 47
74 6
94 37
19 20
8 7
38 42
66 14
55 38
63 5
70 14
28 14
44 34
7 32
100 21
14 25
91 5
24 15
12 17
3 32
37 10
40 24
3 6
39 8
45 4
62 14
17 42
27 10
77 35
42 26
55 7
3 46
64 26
62 25
42 16
9 30
25 50
3 29
5 44
36 1
47 50
14 15
43 40
75 19
76 18
46 33
74 48
28 39
73 41
64 17
56 24
96 32
23 1
10 30
44 48
80 42
47 44
56 41
85 32
11 13
49 6
95 25
56 24
63 28
14 28
46 19
53 42
52 26
92 11
55 35
10 36
76 8
79 33
48 16
65 8
28 15
66 22
39 21
95 4
100 10
83 46
80 36
39 31
63 30
43 19
16 3
54 43
60 35
25 10
100 39
17 29
54 34
100 44
54 46
97 6
57 32
51 36
67 39
18 29
70 10
49 35
64 2
27 24
86 1
35 37
92 1
15 45
85 16
88 40
63 37
95 19
68 47
54 36
37 21
66 6
83 14
42 46
67 20
21 3
23 5
41 14
58 6
10 44
21 47
83 34
85 30
2 4
78 8
89 15
78 6
72 10
19 16
58 38
85 28
90 7
85 30
72 42
37 31
35 8
78 19
93 14
98 46
18 28
53 8
42 33
64 15
94 34
82 1
71 17
29 12
25 13
94 47
6 30
77 40
39 6
60 33
20 10
29 39
37 31
46 30
15 9
46 9
95 28
59 17
94 39
29 18
3 22
66 8
3 43
99 42
100 9
24 21
20 4
59 6
37 5
85 1
65 30
59 11
57 20
28 2
60 6
72 13
29 37
22 31
31 23
24 33
83 50
53 2
3 12
57 39
68 43
42 34
22 2
95 31
21 22
32 33
29 5
47 7
92 18
39 24
92 15
56 24
14 11
27 18
72 33
59 41
27 50
74 1
51 18
31 24
41 14
8 19
21 4
77 14
73 16
37 15
30 45
90 45
5 17
62 28
51 20
18 28
19 43
30 22
63 10
97 3
25 4
72 47
57 50
60 31
15 47
45 46
93 37
90 49
55 4
76 5
23 45
34 44
39 13
67 1
74 13
4 1
18 27
47 26
26 7
6 43
55 3
40 49
89 30
47 43
33 22
99 7
18 35
100 6
47 18
9 23
80 14
23 49
90 21
74 17
27 32
11 33
34 1
31 24
32 27
68 14
50 18
22 19
2 24
27 49
91 35
73 23
98 45
71 39
67 47
5 44
28 18
78 13
18 9
86 49
37 5
64 39
22 35
57 24
58 33
24 49
69 46
23 16
42 43
4 8
89 11
53 18
28 31
80 47
91 15
45 29
69 10
17 41
44 26
66 4
60 39
54 29
84 26
46 27
68 50
84 9
62 37
28 41
19 8
37 11
24 33
39 45
92 8
87 37
33 2
40 42
40 43
72 25
20 18
51 40
19 36
48 30
74 27
72 42
34 8
4 10
40 45
54 33
2 40
69 36
43 11
29 34
53 1
8 25
70 10
64 38
95 13
19 19
89 40
12 23
97 16
32 38
10 37
70 13
76 40
48 20
50 26
3 5
28 10
79 47
19 42
84 15
56 4
33 44
43 47
18 41
12 1
30 23
37 1
35 14
41 32
33 42
9 35
96 37
96 26
33 14
19 19
31 24
22 13
18 17
59 37
7 22
88 37
94 26
39 30
40 29
13 22
73 22
59 20
58 4
46 40
20 14
58 50
90 32
64 9
48 25
45 4
48 32
42 44
8 31
73 49
11 36
22 33
7 30
3 16
86 50
5 5
15 15
6 4
98 21
62 45
95 7
50 43
90 44
36 49
24 10
47 36
45 19
69 3
48 23
18 33
22 25
89 36
41 44
92 38
15 3
34 11
11 33
55 1
26 40
49 1
2 48
87 46
16 7
1 15
81 18
100 4
44 38
89 34
34 32
73 50
85 6
60 45
41 17
47 18
56 48
19 7
95 7
55 12
15 5
76 45
24 25
100 18
15 38
3 50
20 28
99 6
33 10
2 25
76 1
43 34
48 11
92 44
69 48
55 33
4 30
29 28
57 28
47 23
67 1
22 38
28 22
45 13
81 47
37 9
47 31
44 46
43 37
39 11
85 43
45 38
74 25
67 30
52 15
52 21
66 23
8 45
96 5
57 27
51 46
37 49
76 30
94 19
66 34
29 2
76 26
42 49
50 10
31 2
25 34
24 40
59 33
34 4
87 43
82 39
88 18
37 15
49 32
33 17
17 14
68 42
39 11
93 38
21 25
41 45
8 14
86 16
47 19
72 35
13 3
74 2
71 12
67 19
96 49
85 12
12 5
56 2
65 50
90 35
74 32
81 33
46 16
51 44
37 22
28 49
74 3
1 44
15 17
15 12
17 1
73 29
55 30
30 22
79 21
8 4
53 39
37 50
54 37
93 42
60 22
91 33
77 43
29 43
61 45
4 27
45 28
57 2
8 39
75 36
9 32
90 13
70 28
62 26
16 6
69 25
30 9
59 6
53 37
48 13
81 1
42 28
30 50
29 37
88 3
23 49
36 14
61 8
41 25
85 6
80 3
82 9
64 40
14 16
27 13
81 9
15 24
36 45
23 16
81 11
70 5
11 8
70 21
15 10
45 49
17 27
3 48
85 16
38 1
34 16
15 14
74 30
39 12
26 11
29 8
23 1
65 33
8 34
56 24
96 2
24 12
28 26
62 15
44 49
67 27
66 31
42 41
62 30
52 39
40 33
97 15
35 13
47 44
46 2
19 41
6 42
5 33
19 16
49 14
64 15
90 31
48 33
71 11
62 25
52 4
7 50
68 43
12 16
86 7
20 4
98 25
97 4
9 17
19 8
81 34
24 22
14 21
5 34
84 18
58 35
71 16
34 40
60 45
8 45
53 27
100 2
3 48
55 11
15 23
68 45
6 42
16 19
14 22
55 49
90 14
83 12
32 18
2 41
64 11
88 17
87 37
18 39
35 25
51 1
97 19
95 5
62 12
25 27
86 31
76 25
95 8
86 26
78 39
16 41
51 5
57 39
42 27
77 28
51 30
28 49
50 24
5 11
87 30
37 22
60 12
98 6
22 36
31 49
26 49
91 27
53 48
65 46
26 44
25 28
73 2
78 22
77 33
84 16
64 22
39 25
36 39
81 7
24 11
7 1
61 47
77 14
96 44
11 23
39 36
52 13
39 30
36 18
64 19
83 27
42 23
1 27
61 31
85 36
44 41
37 4
40 15
69 37
10 30
60 48
67 11
62 5
92 47
72 5
15 6
81 7
79 34
85 41
66 20
27 9
12 15
65 1
31 35
38 43
64 49
40 30
59 2
87 3
98 8
57 15
64 40
73 44
23 9
84 38
78 12
49 40
76 15
40 9
49 29
51 15
77 40
46 38
43 32
90 43
90 48
9 5
87 33
98 11
41 31
1 19
43 1
60 20
65 1
28 13
80 28
77 8
20 23
47 14
6 38
6 45
38 16
51 24
98 48
37 41
81 37
61 23
37 20
44 1
70 22
65 1
49 44
61 20
68 9
34 23
99 41
20 36
9 20
59 8
18 45
48 48
83 8
72 21
79 15
23 49
38 38
1 39
81 11
58 48
72 43
20 20
34 39
5 44
61 15
51 30
62 49
79 44
58 50
15 37
16 37
85 4
76 37
44 8
50 1
55 21
96 27
90 31
17 46
74 27
60 24
6 21
74 34
17 32
85 33
68 3
71 4
58 49
40 1
6 41
53 11
61 48
39 2
80 7
47 3
84 7
77 41
79 2
77 45
33 13
29 2
65 2
55 24
50 47
26 5
39 29
67 50
78 5
1 8
12 48
62 47
6 40
39 34
92 17
31 24
80 11
28 46
62 32
70 11
80 45
66 19
25 32
70 5
89 20
64 2
69 25
98 24
67 38
10 8
55 40
33 34
50 10
29 12
94 50
74 25
97 41
95 23
23 14
27 13
86 42
14 4
19 13
80 35
50 39
42 4
28 24
37 29
86 18
92 29
19 16
3 17
56 48
40 30
13 18
92 48
12 7
4 30
19 33
14 19
71 5
24 48
80 13
26 15
82 20
95 50
35 48
67 40
47 8
72 9
27 13
9 38
20 12
67 40
94 30
10 14
86 34
13 16
46 40
82 27
59 27
78 43
26 46
35 22
5 6
82 32
20 40
21 41
1 38
81 46
19 40
9 5
75 23
22 20
63 3
98 23
31 28
66 6
23 2
79 30
57 11
11 28
2 31
19 3
70 49
100 39
40 9
45 15
33 18
86 45
72 36
68 3
63 35
10 37
88 39
16 46
49 26
23 50
9 41
4 30
39 4
70 31
64 14
45 46
31 30
43 3
17 12
57 29
46 16
16 33
54 31
80 4
9 2
56 19
43 9
98 33
14 18
63 27
33 9
25 16
41 17
70 7
28 26
36 25
43 3
9 49
33 38
2 43
89 7
13 33
68 11
16 33
30 30
62 12
89 36
77 29
52 46
85 31
23 20
55 16
74 15
14 7
2 17
51 42
76 14
25 45
26 42
27 5
21 38
68 11
73 47
89 26
94 26
58 17
97 14
34 21
78 49
29 31
65 29
25 40
94 1
34 19
92 13
25 14
100 43
77 25
41 17
52 34
42 10
2 39
25 35
9 3
85 39
85 50
67 9
41 13
61 27
31 4
39 6
20 40
100 46
14 40
12 18
25 4
79 27
44 3
13 4
57 48
92 44
99 10
54 39
22 15
65 5
18 3
12 37
93 13
32 8
54 46
75 28
1 5
56 44
8 21
99 16
18 40
9 18
51 13
6 25
77 23
29 44
25 42
83 19
54 16
79 7
61 5
84 11
10 42
56 19
12 4
84 31
95 43
48 48
55 5
22 33
27 2
28 4
93 10
72 46
28 2
4 38
7 39
1 16
30 6
36 43
62 19
73 6
63 22
53 17
77 26
51 3
27 29
6 21
40 30
68 17
31 21
7 37
10 7
4 41
14 39
84 25
10 8
83 22
80 37
41 6
13 41
10 41
21 16
62 11
97 29
79 27
52 35
16 13
43 21
3 7
62 38
83 21
46 15
94 27
4 34
32 18
77 41
58 47
8 21
9 6
52 38
83 3
24 50
15 17
72 19
23 33
7 5
55 4
22 49
80 25
82 13
44 10
55 3
7 15
24 17
70 25
6 4
29 30
53 45
96 25
63 18
9 21
74 14
76 47
12 5
23 45
69 16
7 26
19 15
90 44
31 9
20 37
15 48
66 17
42 11
43 6
30 4
77 5
67 2
2 30
59 24
26 29
42 32
54 10
96 43
53 29
54 22
15 20
71 32
38 14
44 31
19 25
36 45
79 2
99 32
83 9
8 10
87 49
44 41
60 41
35 14
69 40
87 35
59 7
66 47
20 9
29 38
33 14
85 14
17 35
95 1
43 4
10 29
54 5
21 13
96 8
28 16
47 14
51 8
70 16
54 41
77 34
31 11
49 17
24 15
1 21
67 45
24 28
75 28
33 46
42 28
3 20
43 1
83 45
58 5
13 13
97 39
96 27
49 46
45 25
12 47
95 28
91 20
6 16
47 40
13 41
17 17
10 11
67 44
8 27
48 20
39 47
8 37
75 8
82 20
32 44
68 26
23 9
48 28
76 44
17 40
86 35
6 45
48 24
39 5
100 38
74 41
86 33
77 11
40 10
32 24
3 49
1 26
9 48
5 34
94 24
75 29
10 30
74 9
56 14
15 7
53 40
97 41
72 25
51 14
35 32
87 39
32 37
66 41
35 21
76 30
96 1
58 7
82 33
66 37
98 30
44 3
20 42
93 41
17 43
6 3
76 42
91 7
31 9
47 17
31 23
96 26
25 3
82 6
88 47
43 35
79 38
87 48
81 29
40 47
73 48
51 48
89 42
7 21
50 5
87 30
79 32
57 3
87 40
9 24
89 3
10 17
92 47
16 22
27 5
21 50
4 21
99 43
64 7
63 15
62 2
96 42
35 2
95 21
42 5
46 30
9 6
48 50
4 13
71 32
69 43
81 23
14 32
17 27
40 31
94 3
32 39
45 17
41 41
39 34
45 37
15 3
44 12
4 49
24 24
80 44
69 13
16 32
44 32
10 33
15 3
36 46
44 32
64 36
22 5
69 16
43 33
70 36
96 23
36 21
98 15
14 18
27 32
99 22
65 11
5 29
15 42
77 8
23 40
45 44
46 13
61 40
47 32
77 44
6 12
64 5
27 30
73 5
11 23
27 25
35 33
6 50
74 32
59 48
73 4
43 21
68 5
10 17
88 37
60 43
98 24
99 26
53 21
81 15
46 7
41 30
89 46
81 14
27 42
61 2
95 5
22 14
9 31
80 46
69 40
40 17
15 38
42 17
61 22
81 6
80 21
85 20
19 18
33 47
9 45
48 3
99 21
68 7
4 48
54 22
39 43
90 3
83 32
19 43
5 1
48 37
23 34
56 41
1 39
38 9
33 35
63 34
58 33
42 11
30 46
84 20
40 24
72 22
5 40
64 11
92 13
97 14
99 3
7 49
93 44
60 27
80 24
60 37
56 2
49 37
97 33
56 38
6 27
10 12
68 25
22 11
88 21
25 36
75 31
36 17
26 47
43 5
73 3
94 28
4 42
17 2
26 24
39 31
51 50
44 20
25 16
33 14
88 9
1 12
91 38
28 16
87 20
72 9
24 15
38 27
59 4
30 34
78 21
67 30
20 10
1 46
27 33
11 14
41 11
75 31
51 4
98 37
76 20
95 49
86 32
78 44
38 7
80 17
79 48
98 1
59 48
46 36
83 7
51 25
19 28
58 21
31 5
9 6
24 3
57 12
87 34
57 26
92 36
42 21
85 41
21 44
88 18
29 22
26 29
97 47
56 4
69 39
8 28
96 34
80 2
45 18
85 3
45 29
89 36
51 25
28 23
68 16
40 48
89 18
79 35
66 36
90 34
24 50
11 20
33 43
23 29
60 8
81 5
88 21
42 38
46 20
60 15
37 1
13 27
20 43
62 35
28 1
19 4
52 29
75 34
23 47
64 33
56 47
39 43
69 32
80 16
53 41
31 41
42 45
18 11
37 31
98 16
33 16
19 35
96 43
20 19
90 36
53 45
32 43
40 2
26 19
18 29
62 50
71 5
94 40
15 32
70 14
97 3
79 18
39 27
60 8
45 1
45 49
98 28
91 37
80 16
55 47
46 18
96 19
22 41
8 37
74 30
52 22
84 31
89 22
9 1
31 5
1 26
53 48
3 43
34 32
10 41
30 8
8 27
76 30
17 35
18 42
64 21
64 47
51 2
68 11
52 1
15 5
26 17
54 30
61 40
14 23
32 45
30 39
72 7
20 40
91 39
82 5
10 45
1 12
48 21
75 2
71 39
56 48
8 9
27 18
48 42
90 31
87 21
70 10
27 41
49 18
82 32
72 43
26 24
6 26
44 30
77 14
69 32
61 28
92 40
95 42
31 37
22 19
59 43
78 36
36 29
55 17
60 28
11 36
1 16
11 47
48 39
10 18
70 23
95 13
14 41
4 46
77 28
65 38
20 44
25 5
72 29
23 32
56 35
69 8
53 31
4 50
69 16
67 40
88 11
2 1
1 8
48 30
35 12
17 6
58 41
13 29
71 37
12 26
72 32
85 24
62 39
23 32
6 39
71 43
1 25
45 1
82 44
82 16
8 50
73 15
90 35
45 10
72 7
37 43
88 24
66 2
62 40
83 19
80 4
63 30
78 9
32 11
2 16
26 9
15 48
73 5
35 18
16 6
26 5
48 13
78 15
14 41
56 49
9 35
54 21
66 31
29 47
41 30
62 18
39 27
67 13
33 1
80 50
58 7
4 5
70 31
21 35
71 26
83 31
62 36
1 27
18 31
76 10
11 37
79 1
65 48
15 49
50 47
49 8
3 2
64 24
85 35
59 7
12 43
38 24
81 38
52 50
19 27
12 31
16 40
33 32
87 47
81 37
93 31
96 46
84 9
71 18
95 29
27 9
74 14
32 6
53 35
55 21
62 16
3 27
8 35
8 44
34 40
82 28
20 27
25 6
88 46
23 32
24 49
40 49
64 23
54 17
58 11
39 19
26 42
47 33
28 4
79 13
46 10
91 17
89 15
72 26
10 47
9 36
95 49
34 11
71 40
27 30
100 15
98 27
58 46
62 38
50 40
50 47
51 40
63 41
55 35
66 14
81 25
1 27
75 37
37 45
26 15
77 25
80 24
53 39
70 14
26 21
53 28
69 6
67 31
46 23
65 14
89 47
90 39
24 14
75 12
60 50
27 36
76 8
62 31
46 33
94 24
5 49
51 23
6 19
3 1
42 20
14 32
16 3
70 41
18 47
3 28
96 29
13 24
86 26
4 33
8 49
58 12
99 10
36 4
29 39
55 22
10 20
3 27
75 24
68 42
20 22
21 18
50 34
43 37
11 48
21 19
46 29
82 45
90 18
48 20
8 4
91 17
26 45
93 50
21 12
43 40
85 14
59 34
49 1
72 9
98 45
77 46
75 9
40 14
76 39
34 33
45 26
51 20
73 45
69 43
7 11
84 41
26 43
77 24
95 50
33 43
96 9
88 20
19 29
34 46
69 19
80 13
46 30
82 18
25 2
62 33
65 48
25 40
40 3
64 34
5 46
78 50
56 17
22 27
95 7
24 14
25 4
28 20
33 12
40 9
63 3
43 27
50 20
69 39
24 32
75 28
79 2
80 36
69 1
64 15
7 38
30 33
91 8
4 25
71 43
36 33
96 30
12 45
49 30
86 23
63 10
52 41
63 31
78 33
83 42
50 39
81 29
23 21
88 27
97 10
69 32
43 16
14 6
61 12
85 48
86 49
9 38
39 23
20 18
6 3
61 7
43 41
37 16
63 25
92 10
34 12
43 28
28 6
33 40
70 19
37 5
67 47
44 7
19 14
77 26
18 37
82 10
78 19
77 42
95 20
51 30
32 46
60 11
53 42
2 22
13 40
29 31
86 22
40 4
35 16
80 4
4 13
64 33
31 40
25 27
12 27
57 43
72 16
5 27
59 6
98 23
95 28
54 30
50 45
35 36
60 14
40 15
27 5
48 9
46 22
86 7
98 42
51 22
9 5
98 17
60 47
42 6
25 45
37 24
91 22
61 2
85 50
16 13
6 13
72 2
86 7
8 34
50 9
57 8
65 4
76 27
100 17
82 24
63 19
49 3
42 10
54 26
61 22
41 17
84 12
18 20
20 27
5 21
87 11
30 2
14 5
80 15
74 13
89 38
83 39
41 24
98 46
50 11
67 40
77 3
53 46
72 24
74 28
44 11
88 23
64 3
29 45
17 2
7 7
90 40
46 32
65 45
27 16
5 46
7 33
48 9
30 21
82 4
50 25
16 39
49 31
41 28
25 9
79 31
18 20
72 13
1 37
9 30
2 14
77 9
98 26
19 28
98 1
31 47
77 48
35 28
28 27
55 2
35 35
34 2
5 6
66 7
94 27
88 47
40 14
55 39
91 26
16 38
78 48
34 4
95 18
31 22
94 37
73 31
22 9
84 28
16 2
34 9
28 24
55 19
89 12
7 30
87 23
67 14
72 1
69 17
20 2
88 16
88 13
46 11
71 29
38 38
82 24
46 9
97 2
27 35
13 34
64 1
8 33
66 29
35 37
97 4
90 37
19 29
1 16
90 23
97 29
60 28
2 5
87 50
8 15
35 23
50 50
23 9
32 41
40 18
79 36
72 18
24 42
96 24
58 37
46 6
16 5
83 17
61 21
67 19
86 3
41 37
54 15
96 36
55 35
55 33
22 26
52 46
20 48
69 29
84 15
34 49
71 18
68 32
89 36
100 26
38 42
12 41
6 7
28 13
41 33
97 13
60 49
8 31
96 28
59 31
42 42
82 15
60 49
96 50
86 47
25 25
90 36
17 45
95 47
59 37
31 6
1 40
4 10
21 1
88 31
33 31
23 14
45 34
14 42
33 49
90 9
25 29
96 42
26 40
38 34
77 18
91 29
9 46
89 31
96 26
12 29
8 36
94 3
71 8
96 5
6 36
63 31
64 8
24 39
100 11
25 26
80 15
4 40
61 44
73 8
71 36
36 29
73 30
83 43
89 28
97 46
63 11
76 29
68 1
19 17
63 43
94 44
58 50
34 18
93 8
77 14
93 13
94 15
94 26
59 34
5 7
79 20
17 7
98 34
57 16
3 20
59 46
13 18
97 48
37 40
55 13
5 49
77 50
15 20
25 23
3 31
79 34
100 45
40 47
31 46
65 35
15 23
80 30
90 29
29 26
18 34
90 24
34 17
23 49
88 49
73 41
79 4
76 31
50 15
27 32
10 41
16 27
65 48
56 6
76 36
83 45
71 23
18 5
39 42
5 26
42 29
68 22
32 43
2 34
57 29
17 19
71 33
95 38
80 2
93 7
37 28
51 8
100 20
64 40
11 18
15 4
96 35
75 30
29 27
65 36
57 31
56 29
65 50
66 44
3 9
2 39
86 2
98 37
71 11
26 33
80 42
88 28
78 13
59 7
91 23
44 47
55 49
77 20
100 43
15 2
53 17
92 40
20 40
78 41
2 3
75 32
46 13
61 24
77 19
30 17
93 23
65 47
23 41
18 22
35 33
23 37
1 16
28 20
55 5
62 9
7 39
42 5
51 2
28 27
72 7
45 14
81 9
62 3
1 30
24 36
64 48
74 16
63 2
35 20
6 49
78 15
37 21
69 39
72 48
17 43
56 11
58 36
21 19
90 21
98 13
56 13
10 30
28 24
83 15
93 38
63 22
4 1
92 24
41 15
71 7
9 28
69 16
13 39
85 2
9 34
66 17
47 27
98 24
51 30
40 45
19 2
17 25
4 8
98 44
75 21
52 33
98 20
49 13
8 35
16 19
18 34
85 16
60 32
42 12
13 31
9 31
35 25
5 38
84 5
34 8
27 35
41 26
5 41
38 14
25 6
32 44
39 18
62 50
49 3
64 13
83 22
44 19
96 50
7 31
54 42
89 30
76 31
56 32
21 45
96 47
2 29
42 40
47 3
42 47
57 5
60 40
76 5
60 23
54 16
53 8
57 43
39 35
25 46
16 47
43 13
93 44
42 37
36 38
89 29
34 46
33 45
37 10
99 46
34 3
14 36
12 22
31 2
6 5
48 24
52 42
36 46
85 27
82 22
64 23
100 50
20 34
46 8
43 45
3 26
49 18
14 10
90 46
61 47
2 10
20 3
1 6
1 38
84 34
61 48
8 11
49 27
44 46
34 39
90 39
14 40
8 29
49 49
26 12
96 28
73 17
80 26
22 32
63 6
18 23
5 25
35 5
4 31
50 37
69 42
77 34
81 35
13 32
33 38
95 30
17 17
47 47
44 20
80 8
25 47
33 31
22 17
37 25
97 39
13 15
30 42
99 12
78 13
95 12
52 39
42 19
8 38
17 3
59 48
61 36
45 43
16 18
59 5
94 8
43 8
72 24
99 22
85 26
36 32
90 40
72 31
60 31
70 28
34 28
75 44
63 21
86 31
40 46
87 33
3 29
91 27
52 41
100 38
69 36
71 8
27 43
88 38
25 9
65 8
88 41
3 3
62 40
33 1
36 19
86 40
99 28
68 2
68 18
41 36
55 12
93 33
6 32
70 30
40 34
88 30
24 42
82 37
82 14
90 19
84 25
10 34
54 28
35 21
45 27
9 1
38 3
83 45
37 2
25 28
37 14
7 12
5 38
49 36
53 38
6 38
64 16
21 17
93 7
89 39
34 47
39 23
2 23
18 38
24 44
65 12
57 22
23 13
59 21
51 12
60 6
99 25
71 22
91 13
30 32
3 13
80 41
38 31
13 7
70 38
100 35
99 8
58 22
20 16
44 20
79 4
78 30
78 48
53 21
63 32
4 15
97 33
58 36
16 20
92 37
10 43
71 10
2 28
33 23
96 27
95 26
32 22
7 11
71 9
33 33
93 36
98 41
71 5
26 38
76 19
74 37
11 45
97 14
24 29
36 21
5 32
49 36
53 5
97 24
66 31
8 10
17 5
50 37
11 25
76 39
43 49
75 5
45 21
20 19
52 7
91 8
89 39
44 43
46 42
16 13
72 26
72 40
80 21
78 43
47 3
81 41
2 7
97 46
30 16
66 31
22 9
88 10
47 33
3 44
26 20
6 50
45 29
89 27
1 19
19 47
71 1
87 24
57 33
70 36
50 37
18 22
95 6
81 44
88 35
89 16
5 47
15 49
75 5
77 26
73 45
22 44
97 11
67 6
95 38
91 45
27 11
16 23
66 48
18 5
83 7
70 39
53 36
39 27
91 16
2 13
62 26
58 11
88 25
16 32
64 8
78 42
18 43
15 33
93 32
40 27
38 9
65 40
97 3
69 37
70 22
49 34
97 7
94 34
83 9
18 48
66 45
40 34
40 4
18 32
37 9
58 25
70 24
16 16
28 36
52 48
58 2
33 4
10 26
90 44
34 7
42 1
53 33
34 42
38 4
23 24
12 32
100 31
5 18
46 35
3 49
34 10
1 16
66 10
91 5
54 24
13 47
74 15
31 10
57 18
15 31
93 26
63 45
59 19
12 6
3 14
5 36
74 7
1 41
66 43
97 21
66 9
17 42
25 47
3 33
66 17
64 11
94 28
55 4
96 16
60 1
79 16
38 4
72 41
94 39
33 40
60 1
50 28
42 25
27 44
7 44
12 22
54 5
99 8
9 47
73 20
49 4
35 36
59 8
76 3
46 9
94 5
59 46
85 2
22 11
47 30
54 8
2 8
62 2
67 20
98 40
41 46
43 25
32 1
32 9
5 28
19 1
34 29
98 18
80 19
80 26
98 36
83 1
45 47
3 11
18 50
50 9
46 44
33 29
97 17
39 3
94 8
55 29
86 2
49 16
22 28
43 20
13 28
70 7
74 22
68 41
24 19
49 21
65 34
1 11
50 39
65 45
96 20
25 32
23 23
99 45
53 43
64 15
70 35
74 43
9 43
86 34
13 36
4 27
19 4
89 20
94 4
66 40
25 41
23 47
63 23
91 17
65 4
32 37
91 7
29 1
1 16
34 13
52 37
90 22
92 30
42 35
83 9
26 7
49 48
54 14
72 46
30 39
50 13
75 42
21 3
42 21
21 25
86 22
63 27
93 6
56 36
42 41
97 18
97 45
67 2
60 39
98 42
27 49
6 1
42 27
55 35
99 25
61 34
98 23
10 43
80 18
80 21
8 26
88 6
73 7
10 34
45 7
25 23
57 33
75 50
61 31
84 9
8 44
95 5
18 6
99 47
73 29
17 30
54 7
36 26
63 45
10 9
3 36
81 11
68 7
60 28
39 43
39 46
38 33
51 5
40 1
51 13
79 17
92 33
75 29
10 37
75 21
95 29
9 27
39 28
85 50
8 24
44 46
69 31
30 21
35 19
72 37
33 50
56 27
34 30
55 46
67 32
18 13
10 28
40 49
6 24
50 13
47 44
10 18
74 41
38 11
11 11
49 44
11 4
72 46
34 26
91 2
59 11
64 19
38 5
69 43
31 18
7 29
11 18
96 37
58 36
49 19
46 47
64 8
53 35
4 36
12 46
89 21
6 4
91 46
59 9
90 39
28 47
69 41
64 15
79 24
50 27
94 47
75 7
55 27
43 8
64 4
55 4
76 11
8 16
8 16
76 47
6 4
93 24
94 9
90 22
82 41
50 27
38 24
83 42
3 27
49 16
82 3
70 8
15 29
75 22
46 3
71 1
58 13
76 1
23 18
74 6
8 25
82 45
98 16
36 2
92 36
70 26
91 39
35 7
67 9
31 12
63 1
14 20
15 41
22 40
58 47
45 18
21 29
62 21
94 50
22 38
37 41
63 27
81 47
36 49
57 16
10 20
18 25
91 32
68 13
21 27
59 18
94 32
96 6
2 41
57 23
78 43
66 42
72 46
88 7
45 47
24 6
68 41
33 8
24 50
22 45
76 33
14 20
64 9
77 15
49 33
39 29
25 4
70 48
2 10
54 46
6 27
3 25
69 35
82 43
86 4
89 12
88 2
83 1
62 11
15 12
43 5
40 19
61 12
67 12
71 22
59 28
1 11
52 19
48 35
13 33
40 1
46 27
54 30
77 15
90 43
29 32
100 20
3 10
81 21
21 3
92 29
82 42
91 35
13 40
70 25
23 9
26 20
88 31
100 16
46 41
11 26
25 10
45 27
69 26
99 41
80 40
71 12
34 13
46 46
3 17
70 27
76 47
96 15
78 47
30 25
40 40
100 14
49 44
42 19
21 40
9 3
29 31
14 14
44 11
11 46
78 33
22 5
79 19
19 8
68 48
34 7
40 35
70 40
81 11
9 1
2 19
5 32
52 18
96 45
81 6
92 8
38 13
14 19
33 32
76 50
31 12
58 22
46 27
62 26
89 22
79 42
42 33
24 43
53 21
87 33
76 28
42 16
42 5
34 25
38 11
26 20
74 34
94 20
62 5
45 3
28 23
44 19
58 19
62 10
89 50
42 17
30 35
82 23
41 17
97 30
79 25
1 3
10 44
72 23
48 18
25 25
43 21
96 50
91 7
9 30
8 2
96 37
88 29
60 28
95 8
9 23
34 9
25 43
3 48
66 2
16 42
29 8
14 24
9 5
32 17
36 41
70 31
28 7
59 39
36 5
98 44
29 34
4 6
26 6
53 43
60 20
37 40
77 50
63 37
6 46
53 41
36 24
23 15
82 33
5 17
37 5
12 16
38 16
71 15
73 25
10 34
95 46
23 23
47 37
60 3
82 14
45 18
38 18
84 19
100 39
88 37
43 1
54 32
18 26
46 43
50 5
26 44
100 49
67 49
37 26
51 19
89 47
88 28
14 21
97 14
11 36
2 5
86 5
36 4
30 32
46 29
36 23
23 38
23 41
86 10
66 38
78 6
34 17
84 50
39 32
13 50
67 14
54 4
20 40
59 49
23 6
79 8
79 3
97 1
93 34
60 10
73 39
16 9
57 1
58 46
82 22
45 50
87 48
3 6
39 14
6 11
69 34
71 47
89 19
100 31
53 11
43 27
52 10
87 8
60 44
3 43
65 47
44 1
97 46
8 37
11 13
100 30
49 20
78 37
40 27
69 44
40 11
21 41
72 7
98 33
3 1
75 19
99 18
22 47
16 29
34 26
94 33
5 42
54 35
78 45
11 46
89 50
9 11
92 30
67 40
63 21
42 37
40 42
7 13
39 24
93 24
99 36
8 6
27 13
90 4
57 2
2 45
54 10
5 45
89 24
86 3
96 29
40 37
71 48
99 11
71 42
84 21
77 43
28 6
55 19
59 11
21 10
8 26
21 14
70 10
39 6
64 35
34 5
21 6
52 22
16 24
63 1
47 41
93 24
46 49
43 7
10 15
68 19
40 39
32 11
50 21
16 13
57 2
68 27
9 21
100 27
45 12
27 41
5 22
64 50
70 8
6 31
72 26
99 13
14 33
24 13
5 41
27 11
44 44
89 3
65 39
29 9
2 7
51 6
78 16
8 48
24 15
30 47
90 29
10 3
63 33
17 17
75 44
79 19
89 17
71 3
7 1
13 11
57 15
66 35
81 25
34 6
90 13
2 31
43 13
86 7
47 4
23 22
97 3
40 38
72 12
42 28
64 7
38 20
21 6
6 3
32 41
8 23
6 10
4 48
24 39
5 21
42 29
92 41
32 33
80 3
96 21
32 9
27 22
78 50
29 36
52 10
26 12
33 31
73 36
31 46
76 37
66 19
65 9
11 48
91 40
2 36
63 34
44 41
7 24
40 35
61 44
94 36
55 26
69 27
13 1
22 38
37 40
9 3
48 19
53 39
61 4
76 25
39 20
15 45
45 7
31 5
50 25
42 6
2 12
34 15
12 7
54 50
46 14
5 44
85 7
84 45
62 9
71 1
30 35
97 26
91 28
82 42
52 24
99 5
37 32
19 1
91 25
100 36
38 6
81 24
12 16
70 24
27 40
26 8
25 22
34 17
49 15
11 2
90 9
57 27
93 27
27 33
3 28
70 43
34 3
66 47
18 36
70 44
27 45
4 1
69 37
70 17
3 30
21 43
88 29
19 32
7 47
14 12
74 36
54 9
38 21
56 5
58 25
51 35
72 4
87 40
42 6
8 44
35 30
36 23
8 6
6 17
2 20
28 28
7 33
86 44
3 41
50 13
18 2
97 41
57 35
80 48
91 39
94 25
19 31
99 26
87 5
44 40
76 21
67 32
3 5
77 8
97 26
22 14
78 20
54 36
4 35
36 44
24 29
19 42
9 17
19 47
73 13
87 48
85 5
81 40
61 7
97 8
83 20
71 12
39 27
49 42
61 34
36 36
12 4
29 23
22 50
19 47
14 7
46 48
62 27
37 22
83 35
79 17
6 2
80 44
30 29
86 40
12 21
78 26
26 6
48 49
5 18
45 18
75 43
68 36
69 6
9 3
93 40
72 48
41 1
42 22
31 27
63 45
99 40
70 26
46 19
74 2
86 21
72 10
13 41
47 33
46 6
35 40
95 8
88 37
9 31
8 39
59 20
85 7
62 4
32 9
74 7
12 10
79 33
19 41
25 18
75 21
73 12
12 19
19 49
57 27
79 16
18 39
37 2
45 48
8 28
56 31
85 18
92 13
2 11
6 27
80 30
49 2
41 10
22 12
11 28
38 41
93 7
30 29
61 26
79 18
54 36
100 40
5 42
4 7
54 9
85 33
41 35
36 33
96 7
44 8
34 34
51 28
92 30
6 2
57 36
71 10
22 23
51 26
14 5
84 19
15 20
3 7
56 38
40 2
46 35
61 29
68 11
8 12
42 15
63 49
1 36
8 22
8 9
99 23
65 33
43 29
54 45
86 10
34 27
13 29
11 23
9 31
84 18
42 25
32 6
23 32
41 33
5 48
93 6
20 7
38 14
87 43
58 24
52 43
100 14
73 13
89 33
93 24
100 36
100 32
41 23
15 34
57 20
81 1
75 3
9 14
66 45
58 26
19 10
18 18
25 41
80 15
23 24
88 25
61 38
6 2
62 20
35 20
91 17
70 17
71 28
32 39
24 40
64 42
51 31
12 27
23 43
92 48
19 31
72 29
18 29
80 31
100 16
100 41
85 21
59 5
98 41
43 22
32 8
15 32
91 26
8 13
21 1
62 39
82 35
17 49
13 49
82 13
66 31
55 50
54 13
57 1
55 49
24 36
57 39
67 49
16 27
11 36
77 25
74 8
9 41
9 24
91 40
86 6
22 42
6 25
56 12
78 11
12 1
96 20
91 15
18 7
41 31
94 19
5 18
27 15
10 37
38 2
28 25
7 1
18 12
76 24
25 5
84 37
57 31
8 48
45 26
6 37
58 1
58 14
70 34
78 31
22 18
82 49
94 39
49 12
52 26
85 27
80 20
65 39
50 22
88 47
49 43
35 6
95 42
19 15
27 49
95 48
16 27
48 11
65 47
72 16
24 6
44 4
75 8
44 27
32 31
23 30
75 9
38 19
1 8
33 27
8 28
27 25
56 24
36 22
22 7
87 46
15 31
49 39
90 44
17 21
74 41
53 48
100 40
16 2
49 1
78 7
80 6
83 35
30 18
6 1
25 44
96 41
26 46
31 16
39 48
88 14
38 40
11 37
81 29
88 32
79 18
90 10
25 22
44 4
90 1
57 16
96 4
56 22
52 36
89 42
33 26
6 23
68 18
11 48
46 49
29 26
68 18
37 42
42 32
98 31
32 6
96 30
9 3
1 12
88 41
54 23
16 11
95 33
78 5
83 26
55 13
3 24
33 40
18 24
71 15
4 5
20 1
34 30
53 34
92 42
74 47
16 41
7 12
76 36
67 8
11 23
72 16
99 4
5 16
77 25
82 32
29 3
34 14
84 38
99 25
82 24
23 47
65 29
59 40
65 27
49 27
1 20
92 49
76 48
66 4
23 47
36 3
99 21
69 33
59 17
9 40
91 32
88 5
12 46
46 28
22 46
7 25
17 50
73 44
98 39
48 22
37 35
26 36
55 44
70 15
61 30
4 1
13 44
57 27
89 4
4 13
51 12
37 17
12 11
11 9
99 10
80 36
44 5
23 50
51 44
15 11
25 20
13 40
13 19
66 2
74 19
16 24
31 4
42 44
64 2
2 15
13 33
2 6
89 26
6 39
71 22
49 45
41 13
84 4
81 49
7 6
70 24
29 2
77 21
45 40
74 48
6 37
30 7
42 18
82 49
9 2
70 9
99 11
22 32
16 4
83 24
60 4
47 38
55 23
10 1
14 34
48 20
70 29
78 13
98 10
62 6
63 33
67 11
93 38
43 10
93 27
33 2
80 31
92 34
5 1
36 21
84 35
90 5
63 17
68 12
78 31
70 41
63 36
1 8
75 45
67 17
71 2
19 50
82 12
35 39
62 20
9 48
4 50
2 18
68 21
82 46
1 3
38 16
38 38
23 14
85 41
30 5
44 50
57 28
61 41
16 25
61 24
72 16
73 23
86 40
94 19
37 46
21 24
61 10
64 33
73 50
76 4
54 19
54 12
96 16
53 11
40 15
86 11
32 10
36 19
2 31
87 38
26 7
64 39
68 29
73 40
30 48
94 35
67 49
97 14
64 49
77 6
13 12
18 46
24 5
65 25
85 1
14 13
10 29
1 27
59 23
69 38
21 14
23 39
12 19
4 27
67 30
34 31
94 2
26 17
56 42
93 43
45 6
55 6
87 5
34 45
27 2
33 49
15 5
89 28
73 43
57 41
24 40
73 17
41 50
85 49
92 29
41 36
87 45
93 23
1 26
17 29
80 49
78 44
55 16
24 29
10 30
69 34
69 41
50 12
91 37
62 34
15 2
21 1
48 13
73 48
38 42
26 17
90 5
63 47
73 38
75 32
17 44
15 37
36 15
50 28
3 11
63 17
64 33
70 11
47 42
10 35
83 38
53 25
94 17
21 16
4 47
48 22
42 12
61 30
78 10
7 30
21 22
49 36
4 18
99 1
11 8
87 46
47 41
22 41
58 44
6 13
40 3
85 32
67 45
11 44
6 19
76 28
90 24
14 46
93 12
48 3
71 34
48 18
24 19
10 33
62 17
46 4
72 32
35 38
78 47
81 33
17 6
61 7
31 24
52 23
37 1
26 7
84 25
76 9
46 35
44 9
4 39
12 25
22 48
12 49
46 44
81 13
52 43
69 32
18 22
57 4
22 34
61 7
58 38
67 5
25 10
14 28
50 27
2 21
75 15
21 22
8 4
34 9
46 4
93 14
77 49
69 48
82 31
6 41
69 23
46 43
34 11
20 34
87 23
6 13
37 27
85 46
32 18
7 27
24 49
92 50
99 13
50 32
93 5
74 11
79 19
53 13
29 24
96 16
48 1
80 34
79 14
80 10
34 38
39 7
36 32
8 36
94 7
69 37
12 42
47 40
61 2
54 41
27 49
8 25
2 38
10 30
3 41
42 36
78 30
44 15
61 2
50 7
8 20
93 21
12 41
13 24
94 16
64 21
67 24
47 20
11 6
51 15
49 42
53 26
23 46
43 36
99 44
42 9
14 36
81 25
76 43
48 20
11 11
42 29
34 38
48 46
95 50
61 43
42 13
21 16
60 13
51 9
6 42
69 19
77 49
95 5
94 42
26 4
5 17
84 40
6 31
86 50
80 48
95 23
62 17
89 23
29 41
83 36
35 1
57 13
100 1
67 43
93 42
48 47
10 31
38 15
13 23
67 44
72 13
69 35
79 9
58 7
99 40
44 35
91 50
48 42
3 16
86 45
10 33
43 19
15 30
86 29
55 4
22 28
16 42
63 44
50 20
52 1
11 45
85 3
47 32
94 49
98 31
95 9
15 37
77 29
68 14
7 24
17 31
52 32
22 14
77 22
85 28
72 45
75 8
48 21
40 43
69 39
24 13
47 40
51 25
19 20
41 27
44 7
9 47
41 31
12 19
54 46
97 27
42 21
84 41
91 25
86 11
63 11
73 11
50 25
36 20
44 26
97 39
84 5
85 26
87 46
45 42
43 43
68 37
15 4
29 5
78 14
67 43
26 39
53 26
13 40
95 8
67 43
47 1
100 31
78 36
79 24
78 23
66 47
9 30
100 38
36 30
3 2
22 29
92 24
56 6
14 2
64 30
45 10
82 46
92 10
33 20
85 12
43 1
59 3
30 10
92 18
39 45
19 10
75 11
34 30
18 49
31 31
78 27
42 12
22 34
23 5
55 7
16 47
57 26
52 39
36 43
8 24
37 26
86 13
88 19
92 6
69 25
38 48
1 30
9 25
13 33
81 17
90 48
16 48
74 17
88 11
61 45
86 50
73 21
12 12
41 6
69 9
30 7
7 32
38 17
56 50
50 38
68 41
36 35
88 11
53 28
21 14
74 6
63 48
29 26
10 19
81 28
30 10
36 36
92 23
54 49
74 5
87 44
45 24
28 35
34 31
64 6
46 37
11 8
35 39
33 44
60 16
73 39
75 11
76 18
85 29
69 9
36 7
52 30
80 31
16 15
11 29
70 6
16 30
15 2
71 50
97 30
65 21
18 41
81 45
9 18
73 29
76 8
35 29
40 14
9 5
78 22
86 47
79 3
78 46
54 50
45 50
29 11
70 48
51 3
94 11
20 17
39 47
26 25
77 17
38 37
24 17
60 9
65 39
61 45
84 16
94 30
67 25
40 38
24 42
90 18
53 11
36 43
59 13
68 37
30 7
76 5
24 35
13 40
73 25
86 8
42 30
87 8
6 28
95 29
20 37
98 24
97 33
66 8
98 33
94 27
90 19
31 15
56 45
56 30
71 42
88 12
73 26
19 28
56 15
58 25
1 6
98 48
40 15
57 37
100 2
15 41
23 45
57 28
91 12
57 11
5 44
24 27
22 42
6 27
7 14
3 7
71 50
56 12
66 14
99 15
66 15
5 38
62 11
65 2
25 23
65 29
17 38
6 40
30 13
66 38
26 18
46 48
19 4
10 36
17 8
1 34
24 7
21 35
70 37
37 44
10 1
22 28
88 29
19 19
42 34
8 19
3 6
67 23
59 26
60 27
35 10
61 8
69 33
43 38
70 31
31 31
83 4
60 22
35 28
43 28
13 50
46 17
7 14
39 15
91 48
44 25
10 4
35 28
36 29
67 7
59 47
39 43
52 48
14 38
75 6
65 39
58 13
5 14
26 45
81 19
45 24
93 4
79 29
83 16
7 49
75 17
97 13
61 50
63 25
38 39
82 2
28 41
16 32
7 44
27 39
62 21
62 4
76 42
85 8
57 43
58 33
12 6
96 22
5 10
98 42
98 30
96 25
22 11
9 28
4 35
66 15
57 29
71 32
22 5
41 31
97 48
13 8
3 10
32 7
69 29
1 19
60 46
43 32
6 1
61 10
37 27
26 43
57 46
24 29
2 16
9 1
13 23
10 17
33 41
26 3
70 26
71 29
21 16
10 28
16 21
39 5
49 15
97 7
12 23
87 14
88 47
16 3
20 25
71 4
66 46
56 37
73 27
15 45
44 27
23 11
99 13
15 49
29 14
55 41
36 44
6 25
40 21
79 9
97 50
14 12
97 20
48 20
48 15
66 41
91 38
1 41
53 18
39 31
31 45
21 18
38 28
92 28
50 23
88 47
24 2
8 20
23 8
41 20
22 7
12 14
46 14
4 50
31 42
31 13
38 3
30 26
81 24
5 30
96 42
76 19
45 36
90 17
43 33
88 16
41 1
79 36
15 32
36 47
75 18
10 12
20 39
87 50
12 43
82 9
35 9
29 31
44 19
98 38
53 37
53 43
88 33
30 4
64 17
50 40
34 11
2 4
50 40
5 13
83 36
24 19
47 2
99 40
22 48
80 24
85 32
66 24
67 46
77 32
12 28
72 46
89 25
51 40
16 5
2 50
93 25
18 39
29 19
80 50
16 9
24 2
43 39
27 11
36 5
42 48
33 13
45 23
89 45
62 5
1 15
6 45
92 24
35 20
44 17
69 11
25 44
15 19
33 41
79 18
96 23
67 30
37 13
52 26
57 15
82 10
31 37